 plots r tratamientos tiempo
1    101 1           R2 3.0
2    102 1           R4 3.0
3    103 1           R3 5.3
4    104 1           R1 5.0
5    105 2           R4 4.0
6    106 2           R3 4.8
7    107 3           R4 3.4
8    108 4           R4 2.5
9    109 2           R1 4.0
10   110 3           R3 5.0
11   111 3           R1 5.5
12   112 4           R1 4.5
13   113 5           R4 3.0
14   114 4           R3 6.5
15   115 2           R2 3.5
16   116 3           R2 4.5
17   117 4           R2 4.0
18   118 5           R1 4.0
19   119 5           R2 3.9
20   120 5           R3 6.0